 day | total_assignments 
-----+-------------------
  34 |                 7
  43 |                10
  25 |                 8
  32 |                 8
   8 |                 9
  12 |                 9
   1 |                11
  10 |                 9
  26 |                 7
  42 |                 8
  11 |                 7
  18 |                 6
  16 |                 9
  39 |                10
   3 |                 9
  47 |                 8
  13 |                 5
  49 |                 8
  22 |                10
   9 |                12
  24 |                10
  14 |                 5
  45 |                10
  46 |                11
  27 |                 5
  48 |                 5
  17 |                 9
  28 |                 6
  36 |                10
  15 |                 9
  38 |                 8
   4 |                 9
  30 |                11
  50 |                 9
  33 |                 8
   6 |                 6
  40 |                 6
  19 |                 8
  29 |                10
   2 |                 9
  21 |                 4
  51 |                12
  23 |                10
  41 |                 6
  31 |                 9
  35 |                 6
  20 |                 8
   5 |                 7
  44 |                11
   7 |                 7
  37 |                10
(51 rows)

